10 0
20 0.001
30 0.001
40 0.003
50 0.006
60 0.01
70 0.016
80 0.023
90 0.033
100 0.047
110 0.063
120 0.077
130 0.1
140 0.128
150 0.155
160 0.176
170 0.22
180 0.262
190 0.318
200 0.359
210 0.42
220 0.481
230 0.606
240 0.673
250 0.807
260 0.854
270 0.949
280 1.102
290 1.244
300 1.338
310 1.457
320 1.598
330 1.799
340 1.907
350 2.161
360 2.278
370 2.536
380 2.639
390 2.862
400 3.226
410 4.401
420 4.063
430 3.92
440 3.988
450 4.439
460 4.62
470 4.868
480 5.346
490 5.571
500 6.321
550 7.921
600 10.649
650 13.267
700 15.992
750 19.248
800 23.214
850 27.618
900 32.42
950 38.368
1000 51.488
1050 60.848
1100 59.094
1150 66.988
1200 78.204
1250 90.948
1300 102.328
1350 113.888
1400 123.965
1450 125.995
1500 154.775
1550 161.785
1600 192.045
1650 229.835
1700 214.105
1750 292.89
1800 256.575
1850 340.66
1900 359.375
1950 376.745
2000 422.72
