2000 0
4000 0.02
6000 0
8000 0.03
10000 0.03
12000 0.05
14000 0.06
16000 0.06
18000 0.06
20000 0.05
22000 0.05
24000 0.12
26000 0.14
28000 0.06
30000 0.06
32000 0.05
34000 0.05
36000 0.06
38000 0.06
40000 0.06
42000 0.1
44000 0.09
46000 0.09
48000 0.09
50000 0.09
52000 0.08
54000 0.15
56000 0.21
58000 0.2
60000 0.2
62000 0.22
64000 0.34
66000 0.47
68000 0.24
70000 0.24
72000 0.24
74000 0.22
76000 0.25
78000 0.33
80000 0.36
82000 0.21
84000 0.45
86000 0.45
88000 0.32
90000 0.31
92000 0.31
94000 0.64
96000 0.64
98000 0.34
100000 0.36
102000 0.5
104000 0.5
106000 0.45
108000 0.45
110000 0.39
112000 0.39
114000 0.32
116000 0.31
118000 0.33
120000 0.26
122000 0.25
124000 0.26
126000 0.31
128000 0.31
130000 0.29
132000 0.77
134000 0.81
136000 0.44
138000 0.71
140000 0.73
142000 0.44
144000 0.34
146000 0.31
148000 0.33
150000 0.92
152000 0.87
154000 0.58
156000 0.57
158000 0.49
160000 0.49
162000 0.29
164000 0.3
166000 0.91
168000 0.6
170000 0.86
172000 0.57
174000 0.3
176000 0.29
178000 0.31
180000 0.43
182000 0.42
184000 0.32
186000 0.32
188000 0.32
190000 0.74
192000 0.72
194000 0.82
196000 0.37
198000 0.38
200000 0.93
202000 0.59
204000 0.56
206000 1.44
208000 0.87
210000 0.98
212000 0.59
214000 0.59
216000 0.49
218000 0.49
220000 1.22
222000 0.64
224000 0.59
226000 1.13
228000 0.86
230000 1.65
232000 1.11
234000 1.03
236000 0.72
238000 0.72
240000 1
242000 1.52
244000 1.07
246000 1.25
248000 1.57
250000 2.14
252000 0.96
254000 2.15
256000 0.67
258000 2.81
260000 1.66
262000 1.37
264000 0.63
266000 0.77
268000 0.96
270000 1.14
272000 0.78
274000 0.6
276000 0.86
278000 1.64
280000 0.47
282000 0.69
284000 0.78
286000 0.74
288000 1.24
290000 0.59
292000 2.2
294000 2.68
296000 0.98
298000 1.23
300000 2.87
302000 2.15
304000 1
306000 1.46
308000 0.77
310000 0.95
312000 1.19
314000 1.68
316000 1.97
318000 3.17
320000 1.75
322000 1.5
324000 1.23
326000 0.97
328000 1.69
330000 1.15
332000 0.55
334000 0.52
336000 1.06
338000 2.23
340000 0.83
342000 1.06
344000 2.44
346000 2.55
348000 3.09
350000 1.44
352000 1.19
354000 1.99
356000 1.47
358000 0.93
360000 1.5
362000 2.67
364000 2.87
366000 3.26
368000 1.14
370000 0.65
372000 1.95
374000 2.33
376000 2.19
378000 2.68
380000 4.37
382000 2.48
384000 1.3
386000 1.29
388000 1.23
390000 2.71
392000 1.86
394000 0.8
396000 2.6
398000 1.12
400000 2.21
402000 1.54
404000 0.9
406000 1.49
408000 2.39
410000 0.78
412000 1.22
